  4993
 36458
 28500
 51519
 43558
 21663
 15693
 42162
  9795
 36903
 45192
 26583
 56444
 43652
 41541
  7840
 14698
 16109
 49363
 47292
 10868
 50258
 40703
 11588
 37867
 16143
 31560
 39728
 28531
 19974
 53044
 34791
  1243
 47031
 47407
 18114
  3573
 36899
 51000
 20875
 12399
 64219
 55981
 50483
 64118
  5595
  8526
 12256
 32709
  3408
  7009
 31677
 31792
 33287
  2876
 25459
  4509
 63016
 44844
 13108
  7508
 52036
 38450
 25951
 29359
 22570
 34773
 35880
 53403
 39437
 40764
  1514
   532
 31474
 57059
 17001
 34322
 14970
 16784
  1522
 47537
 43328
 43738
 60434
  3172
 65000
 13646
 31469
 13199
 14401
 17867
  2614
  1205
 19001
  9385
 48004
 46023
 22305
 64049
 55438
 22823
 26853
 14735
 52112
 19885
 15581
 34449
 40258
 38335
  7364
  5009
 48913
 44908
 14507
 46858
 28044
 43974
 34615
 19860
 19189
 14160
 47190
 54851
 49152
 56280
 21211
  8127
 63933
 58942
 46353
 13526
 37006
 55759
 24403
 58620
 43937
  2831
 16426
 22488
 58856
 20830
  9692
  2921
 48760
 12288
 60254
 17940
 26722
 46488
 18827
